               ;  ;            mm;  mm;  mm;      mm;  mm;  mm;    Nm;    kN; kN;     ;  mm;  mm; Nm;  kgm2•10-3; kg
name;            kind;          d;   D;  D1;      D2;   L;  L1;     T;    FA; FR;  Thread; R;  N; Tt;     J; m
ETP-EXPRESS 15;  ETP-EXPRESS;  15;  18;  46;    48.9;  25;  39;    46;   5.1; 0.5; M10; 15.1;  5;  5;  0.04; 0.16
ETP-EXPRESS 19;  ETP-EXPRESS;  19;  23;  50.5;  53.0;  28;  42;    85;   7.3; 1;   M10; 17.4;  5;  5;  0.06; 0.20
ETP-EXPRESS 20;  ETP-EXPRESS;  20;  24;  51.5;  54.1;  30;  44;   110;   9.1; 1;   M10; 18;    5;  5;  0.07; 0.21
ETP-EXPRESS 22;  ETP-EXPRESS;  22;  27;  55.5;  60.5;  32;  46;   130;   9.6; 1.2; M10; 19.3;  5;  5;  0.10; 0.25
ETP-EXPRESS 24;  ETP-EXPRESS;  24;  29;  57.5;  62.3;  33;  47;   190;  13;   1.4; M10; 20.3;  5;  5;  0.11; 0.27
ETP-EXPRESS 25;  ETP-EXPRESS;  25;  30;  58;    62.9;  35;  49;   230;  15;   1.5; M10; 20.8;  5;  5;  0.12; 0.27
ETP-EXPRESS 28;  ETP-EXPRESS;  28;  34;  63;    69.6;  38;  52;   280;  16;   1.8; M10; 22.6;  5;  5;  0.17; 0.34
ETP-EXPRESS 30;  ETP-EXPRESS;  30;  36;  64.5;  71.0;  40;  54;   380;  21;   2;   M10; 23.6;  5;  5;  0.19; 0.35
ETP-EXPRESS 32;  ETP-EXPRESS;  32;  39;  68.5;  77.7;  42;  56;   440;  22;   2.2; M10; 24.8;  5;  5;  0.25; 0.42
ETP-EXPRESS 35;  ETP-EXPRESS;  35;  42;  73;    85.1;  45;  59;   640;  30;   2.5; M10; 26.4;  5;  5;  0.32; 0.48
ETP-EXPRESS 38;  ETP-EXPRESS;  38;  46;  84.5;  89.5;  52;  72;   890;  38;   2.8; M16; 31;    8; 21;  0.76; 0.84
ETP-EXPRESS 40;  ETP-EXPRESS;  40;  48;  86.5;  91.2;  55;  75;  1100;  45;   3;   M16; 32;    8; 21;  0.84; 0.88
ETP-EXPRESS 42;  ETP-EXPRESS;  42;  51;  89;    93.5;  56;  76;  1100;  43;   3.2; M16; 33.2;  8; 21;  0.97; 0.96
ETP-EXPRESS 45;  ETP-EXPRESS;  45;  54;  93;   100.3;  58;  78;  1400;  51;   3.5; M16; 34.8;  8; 21;  1.17; 1.05
ETP-EXPRESS 48;  ETP-EXPRESS;  48;  59;  97;   103.8;  59;  79;  1700;  57;   4;   M16; 36.8;  8; 21;  1.46; 1.21
ETP-EXPRESS 50;  ETP-EXPRESS;  50;  60;  98.5; 105.1;  60;  80;  1900;  63;   4.5; M16; 37.5;  8; 21;  1.52; 1.20
ETP-EXPRESS 55;  ETP-EXPRESS;  55;  67; 106;   115.9;  65;  85;  2400;  71;   5;   M16; 40.5;  8; 21;  2.18; 1.50
ETP-EXPRESS 60;  ETP-EXPRESS;  60;  73; 115.5; 132.7;  70;  90;  3300;  90;   5.3; M16; 43.3;  8; 21;  3.17; 1.85
ETP-EXPRESS 65;  ETP-EXPRESS;  65;  79; 120.5; 137;    75;  95;  4400; 112;   5.6; M16; 46.1;  8; 21;  4.1;  2.13
ETP-EXPRESS 70;  ETP-EXPRESS;  70;  85; 135.5; 153.9; 85;  109;  5600; 130;   6.4; M20; 50.8; 10; 39;  7.12; 3.04
ETP-EXPRESS 80;  ETP-EXPRESS;  80;  97; 145.5; 162.6; 95;  119;  8700; 180;   7.5; M20; 56.3; 10; 39; 10.35; 3.75
ETP-EXPRESS 90;  ETP-EXPRESS;  90; 109; 155.5; 171.7; 105; 129; 12000; 220;   8.6; M20; 61.8; 10; 39; 15.20; 4.80
ETP-EXPRESS 100; ETP-EXPRESS; 100; 121; 166;   181.0; 115; 139; 17000; 280;   9.7; M20; 67.3; 10; 39; 21.90; 5.90


ETP-EXPRESS R-15; ETP-EXPRESS R; 15; 18;  46;    48.9; 25;  39;   46;  5.1; 0.5; M10; 15.1;  5;  5; 0.04; 0.16
ETP-EXPRESS R-20; ETP-EXPRESS R; 20; 24;  51.5;  54.1; 30;  44;  110;  9.1; 1;   M10; 18;    5;  5; 0.07; 0.21
ETP-EXPRESS R-25; ETP-EXPRESS R; 25; 30;  58;    62.9; 35;  49;  230; 15;   1.5; M10; 20.8;  5;  5; 0.12; 0.27
ETP-EXPRESS R-30; ETP-EXPRESS R; 30; 36;  64.5;  71.0; 40;  54;  380; 21;   2;   M10; 23.6;  5;  5; 0.19; 0.35
ETP-EXPRESS R-35; ETP-EXPRESS R; 35; 42;  73;    85.1; 45;  59;  640; 30;   2.5; M10; 26.4;  5;  5; 0.32; 0.48
ETP-EXPRESS R-40; ETP-EXPRESS R; 40; 48;  86.5;  91.2; 55;  75; 1100; 45;   3;   M16; 32;    8; 21; 0.84; 0.88
ETP-EXPRESS R-45; ETP-EXPRESS R; 45; 54;  93;   100.3; 58;  78; 1400; 51;   3.5; M16; 34.8;  8; 21; 1.17; 1.05
ETP-EXPRESS R-50; ETP-EXPRESS R; 50; 60;  98.5; 105.1; 60;  80; 1900; 63;   4.5; M16; 37.5;  8; 21; 1.52; 1.20
ETP-EXPRESS R-60; ETP-EXPRESS R; 60; 73; 115.5; 132.7; 70;  90; 3300; 90;   5.3; M16; 43.3;  8; 21; 3.17; 1.85
ETP-EXPRESS R-70; ETP-EXPRESS R; 70; 85; 135.5; 153.9; 85; 109; 5600; 130;  6.4; M20; 50.8; 10; 39; 7.12; 3.04
ETP-EXPRESS R-80; ETP-EXPRESS R; 80; 97; 145.5; 162.6; 95; 119; 8700; 180;  7.5; M20; 56.3; 10; 39;10.35; 3.75


ETP-TECHNO 15;  ETP-TECHNO;    15;  19;  52;  54;  25;  41;    50;   5;  1; M12; 16; 6; 10; 0,09; 0,25
ETP-TECHNO 20;  ETP-TECHNO;    20;  25;  59;  61;  30;  46;   145;  12;  2; M12; 19; 6; 10; 0,15; 0,32
ETP-TECHNO 25;  ETP-TECHNO;    25;  32;  70;  72;  35;  55;   250;  16;  3; M14; 24; 6; 16; 0,38; 0,58
ETP-TECHNO 30;  ETP-TECHNO;    30;  38;  75;  79;  40;  60;   500;  26;  4; M14; 25,5; 6; 16; 0,54; 0,69
ETP-TECHNO 32;  ETP-TECHNO;    32;  41;  79;  83;  42;  62;   510;  25;  4; M14; 27,5; 6; 16; 0,64; 0,78
ETP-TECHNO 35;  ETP-TECHNO;    35;  44;  84;  90;  45;  65;   740;  34;  5; M16; 29,2; 8; 24; 0,75; 0,84
ETP-TECHNO 40;  ETP-TECHNO;    40;  52;  91;  98;  55;  75;  1200;  47;  6; M16; 32,7; 8; 24; 1,3; 1,18
ETP-TECHNO 45;  ETP-TECHNO;    45;  56;  96; 105;  58;  78;  1700;  62;  7; M16; 34,7; 8; 24; 1,5; 1,24
ETP-TECHNO 50;  ETP-TECHNO;    50;  65; 110; 117;  60;  85;  2250;  71;  9; M20; 40,5; 10; 40; 2,3; 1,64
ETP-TECHNO 60;  ETP-TECHNO;    60;  75; 125; 154;  70;  95;  4400; 119; 12; M20; 46,3; 10; 40; 5; 2,51
ETP-TECHNO 70;  ETP-TECHNO;    70;  90; 140; 156;  85; 110;  7000; 158; 13; M20; 53; 10; 40; 8,9; 3,65
ETP-TECHNO 75;  ETP-TECHNO;    75;  95; 148; 164;  90; 115;  8600; 183; 14; M20; 55,3; 10; 40; 12; 4,20
ETP-TECHNO 80;  ETP-TECHNO;    80; 100; 156; 173;  95; 123; 10900; 218; 15; M22; 58,7; 10; 60; 15; 4,85
ETP-TECHNO 90;  ETP-TECHNO;    90; 112; 166; 180; 105; 133; 15500; 277; 17; M22; 63,3; 10; 60; 22; 5,44
ETP-TECHNO 100; ETP-TECHNO;   100; 125; 177; 192; 115; 143; 21000; 335; 19; M22; 69,6; 10; 60; 33; 6,18
ETP-TECHNO 110; ETP-TECHNO;   110; 138; 187; 202; 125; 153; 28000; 410; 21; M22; 75,1; 10; 60; 43; 7,08
ETP-TECHNO 120; ETP-TECHNO;   120; 150; 198; 217; 135; 163; 29000; 393; 23; M22; 80,9; 10; 50; 54; 9,96
ETP-TECHNO 130; ETP-TECHNO;   130; 163; 208; 226; 135; 163; 32000; 393; 25; M22; 86,3; 10; 46; 75; 10,86


ETP-POWER 15; ETP-POWER; 15; 20; 51; 55; 21; 35;   60;  7;  2;   M10; 17.1; 5;  8; 0.06; 0.19
ETP-POWER 19; ETP-POWER; 19; 26; 54; 58; 27; 41;  100;  8;  4;   M10; 18.2; 5;  8; 0.08; 0.23
ETP-POWER 20; ETP-POWER; 20; 27; 55; 59; 28; 42;  130; 11;  4;   M10; 18.9; 5;  8; 0.09; 0.24
ETP-POWER 22; ETP-POWER; 22; 29; 58; 62; 29; 43;  210; 15;  4.8; M10; 20.5; 5;  8; 0.11; 0.27
ETP-POWER 24; ETP-POWER; 24; 32; 64; 70; 33; 47;  230; 15;  5.6; M10; 22.7; 5;  8; 0.17; 0.34
ETP-POWER 25; ETP-POWER; 25; 33; 67; 72; 34; 48;  300; 20;  6;   M10; 23.2; 5;  8; 0.21; 0.38
ETP-POWER 28; ETP-POWER; 28; 37; 70; 76; 35; 49;  325; 20;  7.2; M10; 24.9; 5;  8; 0.26; 0.43
ETP-POWER 30; ETP-POWER; 30; 39; 72; 80; 36; 50;  530; 26;  8;   M10; 26;   5;  8; 0.29; 0.45
ETP-POWER 32; ETP-POWER; 32; 43; 85; 92; 38; 58;  550; 26;  8.8; M16; 31;   8; 25; 0.73; 0.82
ETP-POWER 35; ETP-POWER; 35; 46; 88; 94; 40; 60;  900; 40; 10;   M16; 32.4; 8; 25; 0.85; 0.88
ETP-POWER 38; ETP-POWER; 38; 50; 90; 96; 44; 64; 1150; 47; 11.2; M16; 33.1; 8; 25; 0.94; 0.92
ETP-POWER 40; ETP-POWER; 40; 53; 91; 96; 47; 67; 1200; 47; 12;   M16; 34.2; 8; 25; 1.0;  1.0
